a = 0.18	
b = 0.68	
n1 = 0.19	
n2 = 0.265	
n3 = 0.45	
vertices = 12.0	
scale = 100.21513	
step = 4.9819083
