a = 0.1	
b = 0.62	
n1 = 0.225	
n2 = 0.03	
n3 = 0.0	
vertices = 4.0	
scale = 107.86078	
step = 2.3222158
