a = 1.26	
b = 0.38	
n1 = 0.22	
n2 = 0.0	
n3 = 0.01	
vertices = 4.0	
scale = 134.61153	
step = 1.8688705
