a = 0.09	
b = 0.0	
n1 = 0.635	
n2 = 0.635	
n3 = 0.0	
vertices = 12.0	
scale = 162.75876	
step = 9.431096
