a = 1.27	
b = 0.0	
n1 = 0.115	
n2 = 0.635	
n3 = 0.0	
vertices = 3.0	
scale = 152.39667	
step = 8.447718
