a = 0.6	
b = 0.2	
n1 = 0.195	
n2 = 0.06	
n3 = 0.0	
vertices = 16.0	
scale = 134.61153	
step = 1.8688705
