a = 0.42	
b = 0.0	
n1 = 0.48	
n2 = 3.3007808	
n3 = 0.0	
vertices = 8.0	
scale = 128.2373	
step = 4.04318
