a = 0.02	
b = 0.0	
n1 = 0.2	
n2 = 0.06834841	
n3 = 0.0	
vertices = 18.0	
scale = 134.61153	
step = 1.8688705
