a = 116.99999	
b = 105.99999	
n1 = 32.0	
n2 = 127.0	
n3 = 51.0	
vertices = 4.0	
